import sys
sys.exit()

import random ,base64,codecs,zlib
pyobfuscate=""

obfuscate = {'(https://pyobfuscate.com)*(exec)': 'ABAO=8T0s3OoRhdDid6#K{skTQv~Ro5qsY<QSScG??$N!3RgqhjAi^KegiEQ?PMSrtLx+V!ITe7HKCM*CcBrz)u4i8ltd89oB0*Xv&ak>*E?iXFGOCjXy>@zuuOVTDU^2UrqF}!F_p_&wefthPG(W=@vYV32BZszRPT)6R#~oNwAXQ;Eg*bXG@&6cC$lK}Uba&^&Deg`Dzrs_p^R5y<HC1oPU-{-ZZ)o6{?I0;)bD8RlMR?r>6sWHy{b)KnmJ0!J5W9s^>D|1P)bZ+CmHFfE6uFUd0d}mZ38D_5iZJdA<WS;ubLc(rB~@y2HfnV@b^CH&0Ss5@PjkNm|9fap~ZQXv6|QfniWWXC&~0&eUN*(&gxU?`V9eH&Bk$pnK{^c7cU~gussL8GsC5eu?H+SIC#Z%KDFj$LWnW7MVHzN-Sm8lOawJUE!3gue`v1pfS|&20>E1LoGE}q);TbYM{jP~O>dT4QZf`(;@~(A&Y$}J5O%hs_l0qs)Ez34^$DiATvA0rNXh4C<ZVL`Of5YmJm8s9RViLcA^ZJ|Y2LE0(5%d;Zlvg2ivAAzQsr8V%-0`;aeVq&mDJ+d3Djy=;?F2n1<iDJQ5f0yomof_?33B0#w0R$6M)ZyxY(-><x(jV0lKQQR=udMu}kMvQ=g#R{~$lL1&C^Uh@s2RctIUngQO#oZ8?}xG(6T(R}oO+AIfF6D}kp$hS|sw1{-<CHItyb>Oc}EMbvYu{Au3+{Jn~P{Y>_?)_m+6x6sYmT&&2bc?%Da$mtqAO~Pdaez~iDX}Fn8Eg@(06E9Q|e)2qfdP$ol)sME!MYeXz*GL56b2_d80cnRQs!IGb0B7yqrdOCV-VJ`%NU<IQNL*@lpe~WV4{O4xqncPYwVmc3r<ZovYE^;_&w>)a%Iwy5;~4n(Fs>U8zx@v-vahMvwna+%AFxdbv2Pn`lHH%L@xA-h!OLCfW((Lm@dk@fnlUkaF@Gu@F-<P=1-AuFluMKCLLK^ds3>*bz~U5Y-Z}{0FIJw&=suCp+G-F<iPl+2f9Z$sn%2hA9i6qlG{Mm!>wJGt^RPrhASZp_t9QIit(*yj7~&WrYI&quGS=5-b|O6%Y>v~wL$?QU13z&Q0IH&A`6+PYn(eCW3p2e3JgWXbiFZdq-NhURO0;9FJ_vCG;+=>KraPlyR&uke0k7B#oK#vhE{Cc^K)ZR4dS|(zK<9bU^@NdTWdmz;ytbTYf>o1hq8mtE#GW)rlLYU9W&xU}B~V!%G5P_QIRW@4Qek?Yc**;<)FGP+oiutJYj?FVzz*A+;XlO6KR?(jRY|HUVLz^4VxJEObmiM>dfE*cQ6Xg%RjB)`>hl9tDoTBSEDE=#@H%CgPd6zp$tx<z42Y)c97a~1*C8nS>rzt%NnzjILN~KRRN_lxx9vj1BnHXKk1=q8#7q+LAR~`<Mx-tXbI`W91B<JJNn#f<v4;dlSB9jYOPp`mV%j6|E^kZ$g5L-QD&1R3;u6L2g$nDqy9vb*h#I|mcBsq*6h;BtT3tPTFa^33=?GEYr4yD<47-zZDtMbl@kwCji7stJODN`!vZ^J3S>ciCb8xn0;opWT82Y!2CbI+Xcwu+zRur}$TV=?vI|EZ8G8D@n<e=J&d#KTKHDS?hCuYa)g%nC9>m*+@Zv0aZrT5q>0&UKiI5MrTK6JkW3Kzs^WD47-PP&<8R=*YL9TC1@&SuCqGVsy;$nqp3ahzTulJwQEu1XSI99H6U<MvZ8>{k+m$rbbt{jeu0'}

_=lambda arg, c_int=100000:(var:= ''.join(chr(int(int(i) / random.randint(1, c_int))) for i in arg.split()))
setattr(__builtins__,"______",print)
setattr(__builtins__,"_____",exec)
setattr(__builtins__,"____",eval)
__='979810 1451856 701556 1738286 1131928 777130 1808384 498944 2412960 956032 5915082 4357878 1155399 7076716 1096768 9607464 9704686 8048651 10662561 1351885 10886705 8237044 10331370 2165024 3365775 5799018 9212000 7813401 8233080 4307776 413344 10165379 4025860 4757856 496170 8060709 69960 5328081 7099189 6536544 7959920 2806214 277950 2559104 3012032 223936 591552 9962610 1436600 1625456 5192577 4043064 1416280 3080162 10471440 6462330 4343136 2861440 1741845 8975890 6851585 8140764 7802292 6122736 7539372 1359648 9536670 5335931 10511938 8937513 8056265 3637565 11016172 9717960 2552320 8763000 5587068 5512540 5299392 7436676 73124 10753765 8257920 1823360 9609948 4267890 564456 6065252 6855276 2748352 9834944 10534233 2795264 3236514 8647560 2677500 2522768 1586610 593434 616840 3060576 1538592 2229792 888544 595650 2166095 8397585 3274687 9948176 10319226 8029134 988668 6288620 1453785 2948200 3892980 10434410 4555166 9248990 1916577 3145315 3322534 5188572 7018320 5191305 5482508 3161360 3897952 174690 174590 5850618 2819556 3904427 2454325 9440720 9722790 10612894 2934736 1090686 1106370 8736540 964630 6486220 3989560 2202214 9069498 6645901 10245258 1684332 957682 544295 2842464 7583445 1981316 411517 194212 7295387 3013234 2510936 2828240 1167492 6193408 7805872 5476708 141792 5740225 5395508 4244946 2757725 9101568 10933439 7474074 8554518 4915482 1759329 898380 1844271 7482580 1039824 2242907 3913312 3144240 6702624 4845377 1374656 2064839 5705995 10300550 799434 9605960 8718120 1926528 1534284 2298665 414460 4306036 5724579 5008440 10100004 850660 8166980 6718020 7659663 1681362 488180 897888 756320 2823680 2456672 8309532 3951354 1671882 9611838 463904 1850592 3953815 1540586 1030624 5078241 2462680 8585512 2845632 2321235 355449 10672704 4871568 7530612 1852288 2691680 6459657 11642040 8839320 8637305 1195148 6157790 110976 6754401 10835875 3180288 4157867 10836840 795840 2778016 3047136 237664 18144 381174 4659978 1121877 9624264 2864672 986235 5340830 1642784 9477825 7475656 6378288 3466419 8494824 9749916 1930336 9773876 7674586 3866628 8029500 5434880 53218 2066016 6873517 2529885 2371328 9361876 4234930 1051952 9138354 1909910 4875025 4505490 3837832 8355225 438360 446368 1353568 2047008 2967488 10644804 4894212 7748136 703635 399743 7393907 3952600 3082911 5642000 5450960 7519200 4187848 1696630 5786256 5735665 169650 393313 3621538 3350704 1566824 2943433 7939188 4003881 967527 561064 990896 7872992 2789992 9179304 2780328 7594255 3794678 11010256 6994920 858864 2798948 2737895 5301632 4816300 2089555 9550224 8589846 8282736 710704 669460 1008320 4040180 4468458 4526055 3835186 3264666 1978960 11074200 9351688 2573086 423030 8277360 4632789 3426248 8649396 1341102 8535879 693289 70924 2222352 1938440 6407820 2503992 1014875 64400 4158814 6867432 11765640 7300228 896852 19830 396530 776928 1859904 1439168 67424 7429485 4829190 2985568 10064246 2184600 2413040 11045328 596428 793637 2391017 4416766 3764460 7478286 3906981 3338151 4907438 956510 1275136 83360 189056 859712 1119680 2407648 1855712 1930560 3580398 4905469 1308763 8720493 958750 2926374 703640 8119664 2026297 873341 410140 1330848 2057856 1774592 3048704 8564194 2723652 9627975 5140800 356544 8023440 8511960 1907960 8897280 1348550 2127408 4270610 2250839 5447652 4603434 8320689 4657918 1042434 877720 2696992 2977088 183296 458144 2275808 1242208 3007648 1647168 1716726 4057473 5110029 9255513 9648978 3760028 287880 1350832 576600 2926908 369780 135296 1752416 1471232 875008 417270 5899068 1957344 2283105 10560840 2661960 5444880 471852 155062 4971561 1012478 3930990 231442 192024 2492510 9757105 4498654 382150 671456 52192 192128 1092704 1805248 1929824 3051008 1404544 5733063 8413230 310532 4281784 47008 9891543 469728 6724580 7874240 123880 10211310 9466528 3691092 1031920 4662784 1366698 2876068 684728 1890876 5409383 87924 3339696 1271776 7161413 10515830 1596832 1374105 1571104 8689434 1980668 982940 695172 1856190 4762496 9664185 1719160 3392730 7284220 4214010 2232560 1050090 4511592 2763072 128617 414570 2823840 562016 3152448 2986944 9496020 617040 5896582 230571 3810280 10790754 11111184 4286945 10453520 94200 4224528 1214400 969445 1756234 1314192 9029097 3589970 7198400 915720 3425796 2037495 774890 1417344 1112032 2954944 2494880 751210 6317954 8358360 3763386 2488337 10677968 7769448 1700038 452600 1426976 2920480 1503808 1830496 4385723 11152920 2126353 4189185 1188120 3739320 8386524 3130596 56230 777830'
why,are,you,reading,this,thing,huh="____","in(chr(i) fo","("".jo","r i in [101,120,",'101,99','__))',']))(_('
b='eJxzLPfLigoMM47KDct2CvQwdXQPynEMrDAGAGNCB8A='
exec(f'exec({____(base64.b64decode(codecs.decode(zlib.decompress(base64.b64decode(b"eJw9kN1ygjAUhF8JIkzlMo6mEnIcHVIM3AGtoPIT2wSSPH2p7fTu252d2T3n3MkyK896dLvrSMIeaGxEGn0l/rpiLu3hlXm5yxDmO8tQZIDoeUQLr4oWePxk8VZfBpr9af8mXdzLTk8swRbP25bNzPvP8qwWJDRA8RX4vhLkfvuk0QRl3DOUekDC9xHZVnBcyUnXY7mtBrIOBDEKXNRl3KiBBor25l5MN7U5qSA/HsJiVpfsVIQ/Hj4dgoSYOndx+7tZLZ2m3qA4AFpUD6RDsbLXB2m0dPuPZa8GblvoGm/gthdI+8PxyYtnXqRLl9uiJi+xBbqtCmKm8/K3b7hsbmQ=")).decode(),"rot13").encode()))})')
random.seed(600027321859512497)
exec(why+you+are+reading+this+huh+thing)
random.seed(1)

